294 287 450 921 737 432 920 1065 786 375 916 265 454 800 481 733 940 648 427 746 311 661 263 453 536 685 392 734 578 512 403 437 475 287 527 888 349 367 361 608 488 806 929 904 903 602 501 392 891 
278 202 629 513 331 627 795 497 118 665 125 232 550 252 438 675 388 494 482 167 376 285 376 257 416 465 457 339 465 371 396 530 163 324 601 154 516 76 319 518 541 644 627 613 341 206 470 596 
478 834 789 152 825 854 718 252 929 363 252 575 278 630 724 654 216 541 419 507 30 166 386 494 188 554 364 704 119 629 253 121 288 721 424 643 284 470 245 598 869 868 825 607 412 644 781 
495 311 508 500 779 357 260 470 187 362 588 369 343 678 197 695 505 157 362 488 557 294 439 667 454 423 361 563 315 730 360 448 554 108 537 208 305 714 556 488 455 472 152 189 453 486 
409 771 27 479 137 587 316 674 596 495 577 204 457 338 1021 433 653 351 857 816 452 419 1005 365 534 775 859 763 1038 721 618 274 602 1022 575 369 1005 428 88 159 30 364 431 926 83 
803 430 848 315 556 197 476 637 750 635 398 784 158 1004 666 426 519 799 852 523 613 977 596 657 404 866 418 1037 668 709 612 392 700 509 484 1019 696 348 278 378 194 427 590 454 
758 723 671 248 916 445 178 442 194 568 594 654 254 422 495 424 181 49 322 387 246 450 252 792 92 721 267 179 166 616 485 776 300 403 234 475 820 831 768 610 386 762 708 
452 144 581 343 677 585 471 565 195 430 351 1009 411 658 335 848 802 441 400 994 345 518 789 847 775 1025 714 603 248 607 1031 570 357 991 404 115 185 54 374 426 936 59 
533 692 794 898 616 280 589 461 129 721 961 320 907 425 884 745 538 380 961 338 494 1133 811 1094 955 787 565 237 860 1298 719 485 911 259 566 637 505 720 610 1228 406 
467 292 537 493 471 478 116 477 210 914 394 515 275 739 718 348 360 896 322 453 649 755 631 935 601 530 299 465 886 448 272 905 410 151 164 117 230 307 792 146 
681 243 115 437 134 385 568 411 459 374 279 288 271 297 161 311 436 359 222 573 311 508 487 134 208 514 254 633 56 238 465 434 618 615 577 366 160 589 541 
651 740 764 731 406 759 276 1140 687 607 559 943 965 605 649 1116 614 727 597 990 615 1168 807 795 576 567 897 644 543 1144 702 232 157 289 324 530 787 388 
358 666 377 503 783 384 572 594 57 474 361 487 365 526 540 560 461 347 471 276 614 267 450 691 84 400 194 414 608 651 674 643 654 339 290 346 656 
346 27 392 488 484 425 297 395 257 280 226 145 244 409 303 124 689 263 624 442 171 92 469 369 741 170 227 412 357 642 653 591 443 212 702 537 
319 360 151 598 683 85 687 235 605 465 303 148 681 154 222 949 530 898 679 516 286 239 646 1066 475 286 636 66 575 624 508 579 400 1010 412 
374 461 480 444 269 412 234 306 240 129 217 431 276 97 703 281 640 460 198 79 443 383 764 186 209 428 329 625 639 573 440 208 723 516 
386 260 817 281 493 159 653 614 247 244 801 208 340 678 655 648 835 518 420 225 442 881 378 165 803 302 253 280 199 259 234 796 158 
645 834 194 796 316 755 617 418 258 833 224 365 1036 682 993 829 660 436 184 751 1184 599 375 786 133 544 607 478 637 500 1119 375 
868 513 346 365 668 703 365 458 842 445 498 439 722 425 898 533 552 484 301 690 370 326 876 548 308 264 310 47 272 590 356 
673 630 678 211 219 569 641 35 704 507 903 163 827 48 336 420 870 638 793 497 652 77 723 1065 1070 1016 821 615 816 961 
611 150 570 453 228 67 667 72 177 867 513 818 675 468 257 204 568 994 406 202 635 60 508 552 443 494 319 934 352 
482 419 539 383 543 598 572 490 298 525 229 671 320 488 692 50 392 226 422 665 667 645 609 630 304 297 323 641 
534 466 127 93 665 91 183 723 514 677 691 409 267 226 436 872 303 60 656 194 410 439 352 344 185 804 284 
192 411 523 180 582 393 698 139 622 252 138 319 749 427 624 300 495 249 628 890 886 847 621 432 629 806 
369 423 216 486 290 835 68 762 225 220 203 651 531 805 349 448 189 503 866 879 813 660 435 797 750 
161 553 200 135 651 408 597 588 283 190 353 343 766 181 84 557 286 497 510 446 330 106 707 395 
633 63 134 800 479 750 648 412 221 229 500 927 340 138 610 125 487 523 425 435 252 866 343 
696 498 869 153 793 83 309 412 862 608 758 472 637 105 719 1047 1050 999 796 594 781 946 
197 814 542 769 711 468 284 167 526 961 382 150 673 104 438 480 374 429 275 894 287 
772 344 713 515 295 87 364 456 855 267 184 478 235 593 618 535 465 240 808 464 
816 76 948 615 780 900 319 316 518 666 947 917 734 672 746 423 549 203 794 
742 180 207 258 709 523 763 357 490 154 566 905 913 854 677 461 763 797 
872 542 716 866 257 282 454 619 872 870 729 673 735 401 498 171 774 
369 428 876 677 841 529 669 45 723 1085 1093 1034 852 640 863 975 
240 631 316 604 163 365 355 528 752 748 711 486 294 584 673 
450 461 830 262 258 391 311 674 694 618 514 282 793 550 
643 1084 528 281 836 174 361 422 294 484 401 1007 192 
441 199 376 668 623 596 562 580 257 251 367 590 
591 812 856 1052 998 947 997 658 687 113 1022 
247 510 465 598 589 561 323 144 541 536 
637 251 417 436 364 300 125 744 311 
681 1054 1065 1002 831 615 872 940 
509 560 442 533 373 990 345 
76 66 344 458 897 169 
131 305 456 843 233 
338 418 899 103 
232 562 373 
619 392
931