20 17 25 8 66 62 91 23 65 32 70 23 2 74 86 60 0 30 46 82 29 57 91 26 39 40 7 66 21 34 31 67 46 41 0 11 54 19 16 18 87 90 46 27 34 87 2 13 32 
6 11 64 91 62 76 40 57 0 60 98 93 52 69 74 81 82 87 84 36 29 21 11 35 69 70 20 4 43 42 73 46 88 10 83 21 33 39 66 81 49 27 67 22 39 21 15 97 
10 37 21 25 62 75 97 77 91 36 48 82 18 99 55 56 92 54 48 35 69 22 59 61 7 59 86 14 37 50 50 31 76 33 34 34 36 26 82 78 89 41 16 4 76 69 47 
6 29 56 47 40 22 66 49 12 52 33 57 36 14 0 58 21 6 33 30 63 79 50 74 39 45 33 5 71 92 9 61 15 13 87 23 29 68 79 49 61 69 16 1 24 93 
59 1 59 5 42 88 7 21 33 99 59 68 95 18 62 4 16 7 47 80 63 73 10 18 23 89 29 35 57 21 10 14 61 10 81 4 12 80 99 8 66 49 33 81 45 
50 78 78 37 87 10 43 53 79 55 40 26 61 35 24 4 79 83 20 98 94 70 16 65 11 65 44 74 43 57 41 72 86 11 9 98 26 73 62 17 56 68 15 20 
9 16 38 44 10 62 65 71 77 95 26 40 78 16 56 64 23 76 86 79 18 37 42 65 15 17 51 66 33 94 15 9 27 88 67 72 51 9 46 57 59 65 3 
64 64 58 87 6 68 45 99 73 92 35 19 23 84 2 95 44 49 34 6 53 92 18 63 79 1 55 67 0 4 17 39 53 47 28 7 27 41 17 6 61 79 
27 52 86 5 67 5 42 84 1 75 80 18 27 54 72 1 55 22 40 47 21 9 31 46 57 59 45 52 64 94 85 70 49 17 26 13 48 94 33 10 91 
86 30 35 20 72 15 45 74 1 47 34 15 60 83 79 56 23 12 53 13 53 71 94 42 79 31 54 25 74 29 64 85 55 14 94 36 7 93 13 85 
31 99 79 65 26 22 56 30 3 94 52 10 47 12 69 73 39 89 59 95 82 69 56 68 56 4 99 28 94 5 24 8 29 70 55 47 62 89 92 
11 49 72 60 13 5 68 67 74 3 95 43 65 30 29 90 86 49 46 58 61 14 82 27 57 90 56 1 56 7 79 43 23 93 67 55 3 43 
0 10 14 83 78 29 77 84 57 19 12 29 99 66 44 27 25 1 26 97 13 58 40 73 84 77 66 15 90 75 29 6 18 94 90 14 67 
93 51 56 32 21 52 11 95 9 81 32 77 93 95 51 33 35 60 59 67 57 32 38 20 34 69 40 65 33 44 7 64 45 57 36 53 
97 68 28 34 93 47 42 7 74 56 38 35 89 71 82 63 58 39 39 3 68 21 79 21 25 9 15 58 19 13 41 44 6 23 61 
91 97 92 94 33 23 72 6 84 38 32 50 95 5 90 90 80 99 19 70 26 53 74 36 54 1 4 87 92 7 59 93 59 59 
67 82 62 31 59 78 39 99 40 41 29 39 67 29 34 27 71 17 43 6 81 27 29 79 28 91 9 43 99 84 7 73 79 
9 53 42 88 88 17 48 89 17 44 4 36 44 71 50 25 44 28 17 39 60 19 12 70 99 14 38 63 80 76 24 67 
72 12 1 16 37 96 3 52 66 27 62 88 91 16 4 61 96 41 42 67 89 19 32 96 30 44 27 27 36 84 41 
2 66 9 45 44 78 26 40 93 60 1 33 0 37 43 32 0 52 71 50 68 46 22 67 72 55 93 5 90 71 
71 79 20 17 17 6 95 30 78 26 95 46 66 57 18 24 22 73 53 72 92 46 13 65 71 89 16 98 65 
6 77 47 59 19 67 36 80 48 23 5 16 80 26 53 81 86 77 60 0 85 76 67 40 14 68 29 46 
86 64 58 66 3 61 70 41 3 85 5 4 19 40 74 86 62 15 39 51 95 28 33 95 82 67 88 
20 89 31 43 66 65 69 62 12 34 16 22 96 83 7 77 73 41 71 48 38 79 69 43 58 25 
7 53 28 2 78 50 33 55 2 27 24 69 21 37 62 56 87 10 23 9 89 13 92 13 39 
89 72 25 98 80 7 43 21 21 72 4 57 74 28 60 76 42 44 33 94 13 82 21 92 
47 11 25 60 36 52 44 68 44 7 42 81 52 95 35 55 14 25 77 10 54 85 65 
62 36 62 52 15 47 27 76 46 55 20 5 2 10 23 13 12 3 74 2 44 84 
12 17 14 3 16 92 92 53 19 13 26 13 36 80 64 73 54 91 8 91 2 
5 49 52 68 53 12 86 38 25 75 86 66 76 83 97 25 61 25 21 4 
27 55 36 74 58 92 77 55 12 60 3 33 43 16 57 90 55 79 51 
42 6 51 45 23 33 13 2 41 33 33 41 33 24 57 43 93 55 
68 96 18 33 2 7 78 4 55 60 89 2 96 30 73 86 0 
33 90 34 34 19 31 13 9 93 92 70 73 97 3 50 51 
46 13 4 77 91 82 70 24 12 64 32 48 84 63 29 
85 45 4 63 92 54 45 0 8 52 67 42 24 56 
12 25 85 71 3 52 24 40 82 76 0 93 22 
11 83 94 5 40 13 65 59 80 9 62 39 
58 56 8 73 27 76 74 57 89 23 15 
74 36 45 94 44 88 98 35 24 52 
86 66 96 96 67 51 52 86 72 
11 30 4 96 3 8 42 37 
19 64 28 67 26 4 24 
14 24 27 6 25 86 
47 39 89 67 10 
11 65 47 60 
15 43 75 
69 32 
47 
