17 72 95 70 16 21 44 39 3 79 51 25 97 81 87 40 15 55 92 96 63 67 8 93 23 98 46 85 9 49 66 39 21 27 5 78 93 53 29 50 23 0 70 52 47 49 5 65 22 
51 5 89 33 50 5 86 5 17 70 56 86 49 42 31 97 73 17 79 9 86 44 63 63 0 98 46 72 6 54 54 87 49 9 97 43 65 41 52 36 67 48 99 66 91 32 58 43 
15 92 3 43 10 63 36 80 91 8 38 5 81 85 1 21 22 46 0 57 15 89 72 91 5 88 8 48 67 29 77 62 7 50 70 10 24 56 47 49 50 62 65 35 26 3 40 
6 41 59 30 11 6 65 79 25 32 83 21 33 13 76 96 0 6 63 77 44 75 88 15 95 34 15 5 97 12 73 21 38 48 3 73 17 93 37 83 24 23 33 76 18 13 
93 51 96 61 74 6 10 21 39 31 56 22 43 50 85 44 51 97 97 50 74 92 76 58 63 23 76 78 75 90 29 30 10 23 68 20 45 61 35 19 58 27 71 82 89 
96 93 8 35 55 37 44 65 75 29 9 47 47 71 1 53 66 72 64 37 61 13 64 23 31 67 34 27 62 88 56 42 59 82 38 45 51 7 62 51 6 27 5 27 
6 28 6 2 22 7 34 57 49 40 69 37 75 59 80 67 42 8 83 38 21 65 11 28 89 91 44 94 70 29 5 85 91 42 40 64 43 55 80 37 83 27 89 
16 30 78 83 56 52 38 36 84 93 27 67 86 10 79 36 78 70 19 46 82 75 56 41 26 65 25 0 77 81 99 65 36 52 41 65 77 25 84 85 12 11 
62 50 29 17 59 7 63 78 57 42 17 96 68 13 82 78 63 1 70 15 35 61 86 74 66 60 93 27 63 94 50 50 40 77 59 18 34 4 66 9 47 
7 16 56 45 32 21 54 33 86 97 71 0 20 67 93 66 51 42 77 34 33 28 70 93 35 65 95 67 16 74 19 32 6 37 47 81 72 43 6 18 
55 43 30 95 54 7 81 49 32 62 82 68 17 1 79 35 97 62 4 47 76 71 30 22 34 8 6 68 57 97 62 46 39 38 75 46 48 10 19 
58 95 39 99 26 77 1 29 0 67 38 91 83 83 96 76 30 9 90 88 93 45 42 75 45 58 24 27 2 98 22 63 25 43 76 32 78 46 
11 31 4 47 34 41 24 45 27 77 54 3 55 68 66 25 36 51 21 97 44 1 69 70 28 24 57 28 96 38 38 77 69 99 40 36 53 
43 99 55 86 40 64 90 6 73 68 47 51 3 55 19 63 88 66 82 71 84 46 16 62 71 22 81 90 15 89 43 81 93 85 85 72 
79 28 20 2 24 26 78 11 31 39 90 7 66 4 18 96 28 97 67 22 43 41 98 22 23 61 31 49 8 3 11 19 68 59 23 
26 23 9 76 54 27 19 42 28 28 93 56 21 9 96 57 89 16 6 83 16 46 63 92 6 74 35 59 76 8 82 28 68 46 
57 97 22 7 81 47 99 45 70 35 29 30 85 10 30 16 71 23 32 30 82 34 25 17 65 73 18 34 34 18 31 75 29 
20 72 60 47 30 28 46 60 33 91 59 75 62 97 70 92 78 62 6 9 5 35 96 49 18 72 30 84 3 74 50 73 
3 19 36 7 95 0 29 49 81 9 61 78 47 70 70 13 48 80 89 69 32 70 27 8 0 80 84 77 22 66 39 
32 59 92 42 67 87 43 87 97 94 85 65 68 12 28 66 80 61 22 90 96 93 50 26 45 10 79 57 11 65 
75 50 63 60 32 79 32 67 22 74 61 35 15 40 62 55 54 75 75 90 82 61 14 12 87 78 90 99 7 
86 27 26 75 47 91 67 95 93 3 24 52 83 59 93 12 19 31 84 49 26 81 96 43 62 59 74 11 
36 65 75 36 4 31 76 84 11 78 81 0 55 7 1 42 57 43 99 48 23 31 8 86 19 66 89 
21 52 14 72 27 39 80 24 29 88 45 64 23 10 27 20 84 67 51 57 61 17 10 55 23 30 
64 49 82 14 99 23 50 8 76 73 89 59 52 57 24 36 73 43 1 2 3 26 97 91 95 
44 28 27 30 99 63 57 62 78 91 52 79 9 73 66 46 17 11 68 41 81 38 64 0 
19 27 66 85 91 11 4 60 15 30 70 0 83 35 74 94 79 34 86 7 58 75 90 
45 30 91 39 28 98 0 28 12 26 42 49 37 10 62 78 51 55 65 59 28 89 
95 36 98 35 40 49 63 45 33 60 52 69 65 62 0 28 10 74 42 26 84 
42 13 60 9 85 11 40 4 73 38 60 57 49 46 45 23 44 26 99 87 
97 67 96 89 89 73 51 20 12 44 36 68 86 73 4 26 26 98 13 
88 9 98 58 87 51 21 55 78 56 4 22 48 96 7 64 40 8 
34 83 39 14 84 75 99 96 41 16 15 85 89 93 39 68 79 
52 23 27 30 26 7 91 2 26 18 0 16 43 48 37 4 
73 71 36 66 40 10 12 74 38 41 11 6 10 5 62 
30 25 19 44 33 20 59 45 4 2 43 91 7 58 
48 42 42 23 63 70 75 10 14 78 60 57 1 
21 68 54 28 50 93 11 15 9 10 9 12 
84 88 7 89 4 26 63 57 86 50 37 
97 13 52 65 99 43 48 5 8 33 
71 64 30 91 22 51 34 61 35 
20 64 68 58 84 45 75 42 
31 84 96 27 90 90 69 
84 40 32 83 95 94 
4 15 87 28 35 
31 49 80 97 
76 91 91 
61 84 
14 
